1 9.1 9.1 1.5 
2 10.5 10.5 1.0
3 11.0 11.0 1.7
4 3.5 1.2 2.3
5 2.7 10.3 2.9
6 4.5 6.7 2.1
7 19.9 10.10 3
8 1.1 2.4 3.9
9 10.0 9.0 3.3
10 0.0 0.0 1.2
-1
100 8.5 9.0 12.0
200 1.0 1.0 10
300 2.0 2.0 15
-1

%%%CALL -r 5.0 < prueba1.txt
%%%VALGRIND
%%%OUTPUT
10
Vector de robots r2d2es 
10
1->(9.100000,9.100000,1.500000),
2->(10.500000,10.500000,1.000000),
3->(11.000000,11.000000,1.700000),
4->(3.500000,1.200000,2.300000),
5->(2.700000,10.300000,2.900000),
6->(4.500000,6.700000,2.100000),
7->(19.900000,10.100000,3.000000),
8->(1.100000,2.400000,3.900000),
9->(10.000000,9.000000,3.300000),
10->(0.000000,0.000000,1.200000),
Vector de robots inhibidores
3
100->(8.500000,9.000000,12.000000),
200->(1.000000,1.000000,10.000000),
300->(2.000000,2.000000,15.000000),
Se filtra el vector resultado
2
5->(2.700000,10.300000,2.900000),
7->(19.900000,10.100000,3.000000),
